ssh ascardigli@gate03.aime.info -p 21109


blender myscene.blend --background --python myscript.py


ray install-nightly
python -m pip install -U --no-cache-dir "ray[rllib,tune,ml]"

tensorboard --logdir ~/ray_results/ 
ssh ascardigli@gate03.aime.info -p 21109 -L *:16006:ascardigli@gate03.aime.info:6006     


monk temple normal HD
denoisedmse[84571.836, 6216.1016, 2769.7095, 1952.4811, 1630.9606, 1406.9667, 1283.0259, 1167.092, 1228.2828, 1034.78, 977.76794, 938.30334, 956.93756, 863.26135, 881.92725, 851.92035, 824.1252, 837.85645, 779.4123, 792.3321, 733.8507, 744.08484, 696.4023, 781.0123, 687.87866, 653.4807, 755.18756, 717.715, 655.246, 678.5474, 591.7103, 676.3213, 606.41583, 596.747, 654.3785, 623.1023, 611.64514, 598.87933, 602.6021, 575.04, 569.9228, 602.12177, 580.1505, 590.13135, 641.7242, 542.0966, 542.8633, 575.94556, 590.77826, 511.82877, 567.06024, 536.84436, 561.2778, 505.49426, 533.6148, 542.63055, 527.0317, 512.0455, 504.67252, 478.1466, 470.5115, 532.46277, 478.1778, 540.11835, 476.04126, 499.67963, 516.38715, 487.89612, 532.2673, 508.64294, 494.98474, 503.69214, 495.10016, 475.50122, 502.28253, 472.371, 467.59747, 456.89993, 494.4559, 461.3344, 456.57816, 459.27283, 444.92142, 441.8229, 429.38055, 459.68213, 487.60312, 455.06122, 466.76096, 500.05374, 468.18335, 468.55023, 495.56876, 438.6376, 460.98163, 422.4457, 479.5568, 446.4522, 461.29318, 425.7053]
denoisedssim[0.3613293170928955, 0.8286668658256531, 0.8791203498840332, 0.8966900706291199, 0.9043417572975159, 0.9114077091217041, 0.9149203300476074, 0.9191634058952332, 0.9170467853546143, 0.9236122965812683, 0.9262081980705261, 0.9280062317848206, 0.9271910786628723, 0.9313006401062012, 0.9301807284355164, 0.9318750500679016, 0.9329138398170471, 0.9324293732643127, 0.9352541565895081, 0.934162437915802, 0.9371922016143799, 0.9365227818489075, 0.9386229515075684, 0.9349005222320557, 0.9392495155334473, 0.9407222867012024, 0.9360319972038269, 0.9377674460411072, 0.9408910870552063, 0.939967155456543, 0.9439897537231445, 0.9398288726806641, 0.9430950284004211, 0.9437153935432434, 0.9409072995185852, 0.942218005657196, 0.9431479573249817, 0.9436866641044617, 0.9435127377510071, 0.9448307156562805, 0.9450824856758118, 0.9436038136482239, 0.9445785880088806, 0.9438804984092712, 0.9417459964752197, 0.9466326236724854, 0.9466385841369629, 0.9446752667427063, 0.944122850894928, 0.9481704831123352, 0.9452455043792725, 0.9468507766723633, 0.9454584121704102, 0.9483488202095032, 0.9469513297080994, 0.946580171585083, 0.9474894404411316, 0.9480898976325989, 0.9485158920288086, 0.9500200152397156, 0.9504397511482239, 0.9472694396972656, 0.9499239921569824, 0.9465051293373108, 0.9501021504402161, 0.9489130973815918, 0.9477378726005554, 0.9495660662651062, 0.9471337795257568, 0.9482250213623047, 0.9489268660545349, 0.9486770033836365, 0.9489642977714539, 0.9502553939819336, 0.9486546516418457, 0.9501521587371826, 0.950648307800293, 0.951046884059906, 0.9492006301879883, 0.9509665369987488, 0.951087474822998, 0.950982391834259, 0.9517621994018555, 0.9520463943481445, 0.952629566192627, 0.9510043263435364, 0.9493994116783142, 0.9513830542564392, 0.9506364464759827, 0.9488988518714905, 0.9506871104240417, 0.9504668116569519, 0.9490086436271667, 0.9522708058357239, 0.9508543014526367, 0.9532651901245117, 0.9500026106834412, 0.9518275856971741, 0.9511146545410156, 0.9531989693641663]
denoisedmsssim[0.504138708114624, 0.9445616602897644, 0.9679879546165466, 0.9760269522666931, 0.9797704815864563, 0.9823408126831055, 0.9835219979286194, 0.9847005009651184, 0.9840951561927795, 0.9865231513977051, 0.9873831868171692, 0.9877460598945618, 0.9875137805938721, 0.9887581467628479, 0.9884800910949707, 0.9890000224113464, 0.989274263381958, 0.9891385436058044, 0.9899433255195618, 0.9896886348724365, 0.9904360175132751, 0.990264892578125, 0.9908657073974609, 0.9898428916931152, 0.9909088611602783, 0.9915120005607605, 0.9901268482208252, 0.9906296730041504, 0.9914390444755554, 0.9911742806434631, 0.9921473860740662, 0.9911122918128967, 0.9920039176940918, 0.992138147354126, 0.9914328455924988, 0.9917625784873962, 0.9919312596321106, 0.9921676516532898, 0.992091953754425, 0.992389976978302, 0.9924860000610352, 0.9921084046363831, 0.9923481345176697, 0.9921948313713074, 0.9916872978210449, 0.9927330017089844, 0.9927949905395508, 0.9924182295799255, 0.9922788739204407, 0.9931926131248474, 0.9924569725990295, 0.9928767085075378, 0.9925403594970703, 0.9932489991188049, 0.9928762316703796, 0.9928299784660339, 0.9930375218391418, 0.9931774735450745, 0.9932560324668884, 0.9935460686683655, 0.9936667084693909, 0.9929490685462952, 0.9935498833656311, 0.9928153157234192, 0.993569552898407, 0.9933064579963684, 0.9931041598320007, 0.9934518337249756, 0.9929308891296387, 0.9931575655937195, 0.993311882019043, 0.9932555556297302, 0.9933274388313293, 0.9936583638191223, 0.9932224750518799, 0.9936125874519348, 0.9936817288398743, 0.9937891364097595, 0.9933638572692871, 0.9937642216682434, 0.9938003420829773, 0.9937810897827148, 0.9939590096473694, 0.9939848780632019, 0.9941105842590332, 0.9938092231750488, 0.9934428334236145, 0.9938574433326721, 0.9936723709106445, 0.9933137893676758, 0.9937121272087097, 0.9936572909355164, 0.9933834075927734, 0.9940312504768372, 0.993783712387085, 0.9942170977592468, 0.9935689568519592, 0.993935763835907, 0.9937790036201477, 0.9942319989204407]
notdenoisedmse[84572.27, 50257.492, 25101.342, 16728.918, 12634.319, 10083.94, 8348.647, 7168.555, 7849.798, 5571.3394, 4999.719, 5379.217, 4160.8276, 3833.2388, 4594.776, 3332.7185, 3511.8103, 3965.7578, 3093.7163, 2891.8516, 3242.2114, 3044.7036, 2673.062, 2158.9375, 2256.9795, 2626.1658, 2501.8364, 2526.2363, 2017.9059, 2424.6367, 1877.5195, 2322.8179, 2043.3975, 2139.891, 1880.5062, 1897.696, 2067.4539, 1773.5558, 1714.18, 1456.6407, 1669.1875, 1734.2537, 1512.3993, 1743.0208, 1686.6829, 1729.6556, 1682.9857, 1446.8073, 1410.5963, 1501.0012, 1583.0157, 1504.5132, 1534.7173, 1496.7866, 1348.6196, 1349.2153, 1410.576, 1315.5413, 1250.1327, 1202.0707, 1309.8734, 1283.7151, 1251.9963, 1070.7206, 1298.1224, 1320.8159, 1311.3016, 1260.0559, 1254.0593, 1145.1311, 1056.3733, 1217.3577, 1325.4146, 1134.0126, 1353.1532, 1195.3591, 1236.6635, 1013.8244, 946.5144, 1060.9076, 992.47577, 1238.9276, 1139.5358, 1043.035, 1150.7701, 1074.5555, 1125.5089, 1068.9082, 1034.4275, 993.0974, 1012.1302, 971.08203, 1098.8497, 1011.66077, 1063.2842, 967.76, 943.50824, 989.91907, 893.4526, 887.9996]
notdenoisedssim[0.3613232374191284, 0.3592190444469452, 0.4352160394191742, 0.4928094446659088, 0.5333823561668396, 0.5689008235931396, 0.5981325507164001, 0.6222624182701111, 0.6099157333374023, 0.6615632176399231, 0.6777815222740173, 0.6674111485481262, 0.7057403922080994, 0.7168912887573242, 0.6908254027366638, 0.7365619540214539, 0.7298834919929504, 0.7128329873085022, 0.7476601600646973, 0.756276547908783, 0.7410700917243958, 0.7496494650840759, 0.7669982314109802, 0.7936202883720398, 0.7886137962341309, 0.7687272429466248, 0.775454044342041, 0.7743586897850037, 0.8015873432159424, 0.7798738479614258, 0.8103901743888855, 0.7848281860351562, 0.8002756237983704, 0.7952795028686523, 0.8102269172668457, 0.8090708255767822, 0.7995600700378418, 0.8167755007743835, 0.8207653164863586, 0.8378047943115234, 0.8230355381965637, 0.819267749786377, 0.8339467644691467, 0.8191266059875488, 0.8225357532501221, 0.8196463584899902, 0.8228896260261536, 0.8387627005577087, 0.841306746006012, 0.8351535797119141, 0.8296485543251038, 0.8348112106323242, 0.8322857022285461, 0.83537358045578, 0.8459318280220032, 0.8455421924591064, 0.841346263885498, 0.8480322957038879, 0.8530502915382385, 0.8570154309272766, 0.8485148549079895, 0.8508860468864441, 0.8529899716377258, 0.8676006197929382, 0.8495950698852539, 0.8481199145317078, 0.8486229777336121, 0.8527219891548157, 0.8530764579772949, 0.8613414168357849, 0.8685681819915771, 0.8557941317558289, 0.8476225733757019, 0.8625341057777405, 0.8455288410186768, 0.8573975563049316, 0.8540909886360168, 0.8721525073051453, 0.8779830932617188, 0.8685850501060486, 0.8741576075553894, 0.8540439605712891, 0.8617580533027649, 0.8698906898498535, 0.8610133528709412, 0.8674004077911377, 0.8631741404533386, 0.8679963946342468, 0.8705615997314453, 0.874082624912262, 0.8725696206092834, 0.8759388327598572, 0.8652033805847168, 0.8725726008415222, 0.8683900833129883, 0.8762500286102295, 0.8785171508789062, 0.8741064667701721, 0.882882833480835, 0.883176326751709]
notdenoisedmsssim[0.5041374564170837, 0.7644307017326355, 0.834342896938324, 0.8702389597892761, 0.8905170559883118, 0.9060618281364441, 0.917389452457428, 0.9252294898033142, 0.9205245971679688, 0.9377086758613586, 0.9422622323036194, 0.9394397139549255, 0.9496954083442688, 0.9527878761291504, 0.9458231329917908, 0.9576678276062012, 0.9559411406517029, 0.9514523148536682, 0.9599971771240234, 0.9620072245597839, 0.9583799242973328, 0.9604756832122803, 0.9643980860710144, 0.9698476791381836, 0.9687706828117371, 0.9647138118743896, 0.9660202860832214, 0.9657797813415527, 0.9714129567146301, 0.9668097496032715, 0.9731641411781311, 0.9680216312408447, 0.9712441563606262, 0.9701568484306335, 0.9730381369590759, 0.9727280735969543, 0.9710419774055481, 0.9741955399513245, 0.9749884605407715, 0.978095293045044, 0.9755003452301025, 0.9748403429985046, 0.9774158596992493, 0.9747889637947083, 0.9753748774528503, 0.9747099876403809, 0.9752994179725647, 0.9782319068908691, 0.9787271022796631, 0.9776301383972168, 0.9766438007354736, 0.977631151676178, 0.9771743416786194, 0.9776627421379089, 0.9795405268669128, 0.9794157147407532, 0.9786970019340515, 0.9799234867095947, 0.980623722076416, 0.9813899993896484, 0.9799390435218811, 0.9803557395935059, 0.9807274341583252, 0.9831315875053406, 0.9802200794219971, 0.9798617959022522, 0.9799510836601257, 0.9806877970695496, 0.9807358384132385, 0.982109546661377, 0.983299195766449, 0.9811485409736633, 0.9798583388328552, 0.9822721481323242, 0.979475736618042, 0.9814221262931824, 0.9809145331382751, 0.9838382601737976, 0.9847991466522217, 0.9833076000213623, 0.9842135310173035, 0.9808628559112549, 0.982214629650116, 0.9834876656532288, 0.9820340275764465, 0.9830477833747864, 0.9823460578918457, 0.9832025170326233, 0.9836143851280212, 0.984185516834259, 0.9838924407958984, 0.9843880534172058, 0.9827823638916016, 0.9838427901268005, 0.9832084774971008, 0.9844778180122375, 0.9849119186401367, 0.984140157699585, 0.9855090975761414, 0.9855620265007019]

Best not denoised:+.13 -> 0.8944 (*2.2)
denoised: +.04 -> 0.982 (*3)



python x.py 2>/dev/null

conda install pybind11 -c conda-forge


cc     demo.c   -o demo
./demo

